1075368892278513685
1075076434122526780
1075076434122526780
1075076434122526780
1075076434122526780
1075076434122526780
1075076434122526780
1075076434122526780
1075076434122526780
1075076434122526780
1075076434122526780
1075076434122526780
1075076434122526780
1075076434122526780
1075076434122526780
1075076434122526780
1075076434122526780
1075076434122526780
1075076434122526780
1075076434122526780
1075076434122526780
1075076434122526780
1075076434122526780
1075076434122526780
1075076434122526780
1075076434122526780
1075076434122526780
1075076434122526780
1075076434122526780
1075076434122526780
1075076434122526780
1075076434122526780
1075076434122526780
1075076434122526780
1075076434122526780
1075368892278513685
1075368892278513685
1075368892278513685
1075368892278513685
1075368892278513685
1075368892278513685
1075368892278513685
1075368892278513685
1075368892278513685
